{
 "cells": [
  {
   "cell_type": "markdown",
   "metadata": {},
   "source": [
    "# Análise dos dados - Trabalho Luís\n",
    "\n",
    "Análise dos dados e testes de independência assumindo as features utilizadas no trabalho do Luís, para averiguação."
   ]
  },
  {
   "cell_type": "markdown",
   "metadata": {},
   "source": [
    "### Análise inicial dos dados"
   ]
  },
  {
   "cell_type": "code",
   "execution_count": 2,
   "metadata": {},
   "outputs": [],
   "source": [
    "# Manipulação dos dados\n",
    "import numpy  as np\n",
    "import scipy  as sp\n",
    "import pandas as pd\n",
    "\n",
    "# Visualização de dados\n",
    "import matplotlib.pyplot as plt\n",
    "import seaborn           as sns\n",
    "%matplotlib inline"
   ]
  },
  {
   "cell_type": "code",
   "execution_count": 6,
   "metadata": {},
   "outputs": [],
   "source": [
    "# Carregando os dados\n",
    "data = pd.read_excel('../Dados/Banco labels.xlsx')"
   ]
  },
  {
   "cell_type": "code",
   "execution_count": 7,
   "metadata": {},
   "outputs": [
    {
     "data": {
      "text/html": [
       "<div>\n",
       "<table border=\"1\" class=\"dataframe\">\n",
       "  <thead>\n",
       "    <tr style=\"text-align: right;\">\n",
       "      <th></th>\n",
       "      <th>TB_desfecho_final_Dri</th>\n",
       "      <th>Tbafranio</th>\n",
       "      <th>Obs_desfechoTB_Dri_Dani</th>\n",
       "      <th>Data_inclusão</th>\n",
       "      <th>Nome</th>\n",
       "      <th>Desfecho_tuberculose_lista_Mauro</th>\n",
       "      <th>Desfecho_TB_162_Revisão_ADRIANA</th>\n",
       "      <th>Observaça0_desfecho_TB</th>\n",
       "      <th>Resultado_BAAR_1</th>\n",
       "      <th>Resultado_BAAR_2</th>\n",
       "      <th>...</th>\n",
       "      <th>Perdeu_aula_hoje_CA</th>\n",
       "      <th>Deixou_de_ganhar_dinheiro_hoje_CA</th>\n",
       "      <th>Quanto_deixou_ganhar_CA</th>\n",
       "      <th>Caso_acompanhado_quem_custeou_tudo_CA</th>\n",
       "      <th>Valor_CA</th>\n",
       "      <th>Avaliador_custo_CA</th>\n",
       "      <th>Data_avaliação_custo_CA</th>\n",
       "      <th>Resultado_cultura_final &lt; 3 &amp; Realizou_RX = 1  (FILTER)</th>\n",
       "      <th>ANO  de inclusao</th>\n",
       "      <th>Novocriteriotbafranio</th>\n",
       "    </tr>\n",
       "  </thead>\n",
       "  <tbody>\n",
       "    <tr>\n",
       "      <th>0</th>\n",
       "      <td>TB</td>\n",
       "      <td>SIM</td>\n",
       "      <td>NaN</td>\n",
       "      <td>2008-04-03</td>\n",
       "      <td>NaN</td>\n",
       "      <td>9</td>\n",
       "      <td>TB</td>\n",
       "      <td>TB PROBABILIDADE</td>\n",
       "      <td>Negativo</td>\n",
       "      <td>Negativo</td>\n",
       "      <td>...</td>\n",
       "      <td>IGN</td>\n",
       "      <td>IGN</td>\n",
       "      <td>Ignorado</td>\n",
       "      <td>IGN</td>\n",
       "      <td>ignorado</td>\n",
       "      <td>9</td>\n",
       "      <td>1999-09-09</td>\n",
       "      <td>Selected</td>\n",
       "      <td>2008</td>\n",
       "      <td>1</td>\n",
       "    </tr>\n",
       "    <tr>\n",
       "      <th>1</th>\n",
       "      <td>TB</td>\n",
       "      <td>SIM</td>\n",
       "      <td>NaN</td>\n",
       "      <td>2006-10-03</td>\n",
       "      <td>NaN</td>\n",
       "      <td>TB</td>\n",
       "      <td>TB</td>\n",
       "      <td>NaN</td>\n",
       "      <td>Negativo</td>\n",
       "      <td>Negativo</td>\n",
       "      <td>...</td>\n",
       "      <td>IGN</td>\n",
       "      <td>IGN</td>\n",
       "      <td>Ignorado</td>\n",
       "      <td>IGN</td>\n",
       "      <td>ignorado</td>\n",
       "      <td>9</td>\n",
       "      <td>1999-09-09</td>\n",
       "      <td>Selected</td>\n",
       "      <td>2006</td>\n",
       "      <td>1</td>\n",
       "    </tr>\n",
       "    <tr>\n",
       "      <th>2</th>\n",
       "      <td>TB</td>\n",
       "      <td>SIM</td>\n",
       "      <td>NaN</td>\n",
       "      <td>2007-06-21</td>\n",
       "      <td>NaN</td>\n",
       "      <td>TB</td>\n",
       "      <td>TB</td>\n",
       "      <td>TB CONFIRMADA</td>\n",
       "      <td>Negativo</td>\n",
       "      <td>Negativo</td>\n",
       "      <td>...</td>\n",
       "      <td>IGN</td>\n",
       "      <td>IGN</td>\n",
       "      <td>Ignorado</td>\n",
       "      <td>IGN</td>\n",
       "      <td>ignorado</td>\n",
       "      <td>9</td>\n",
       "      <td>1999-09-09</td>\n",
       "      <td>Selected</td>\n",
       "      <td>2007</td>\n",
       "      <td>1</td>\n",
       "    </tr>\n",
       "    <tr>\n",
       "      <th>3</th>\n",
       "      <td>TB</td>\n",
       "      <td>SIM</td>\n",
       "      <td>NaN</td>\n",
       "      <td>2009-09-30</td>\n",
       "      <td>NaN</td>\n",
       "      <td>TB</td>\n",
       "      <td>TB</td>\n",
       "      <td>NaN</td>\n",
       "      <td>Negativo</td>\n",
       "      <td>Negativo</td>\n",
       "      <td>...</td>\n",
       "      <td>IGN</td>\n",
       "      <td>IGN</td>\n",
       "      <td>Ignorado</td>\n",
       "      <td>IGN</td>\n",
       "      <td>ignorado</td>\n",
       "      <td>9</td>\n",
       "      <td>1999-09-09</td>\n",
       "      <td>Selected</td>\n",
       "      <td>2009</td>\n",
       "      <td>1</td>\n",
       "    </tr>\n",
       "    <tr>\n",
       "      <th>4</th>\n",
       "      <td>TB</td>\n",
       "      <td>SIM</td>\n",
       "      <td>NaN</td>\n",
       "      <td>2009-06-19</td>\n",
       "      <td>NaN</td>\n",
       "      <td>TB</td>\n",
       "      <td>NaN</td>\n",
       "      <td>NaN</td>\n",
       "      <td>Negativo</td>\n",
       "      <td>Negativo</td>\n",
       "      <td>...</td>\n",
       "      <td>Não</td>\n",
       "      <td>Não</td>\n",
       "      <td>\"Não se aplica\"</td>\n",
       "      <td>não se aplica</td>\n",
       "      <td>não se aplica</td>\n",
       "      <td>Marcia  dos Santos</td>\n",
       "      <td>2009-06-19</td>\n",
       "      <td>Not Selected</td>\n",
       "      <td>2009</td>\n",
       "      <td>1</td>\n",
       "    </tr>\n",
       "  </tbody>\n",
       "</table>\n",
       "<p>5 rows × 281 columns</p>\n",
       "</div>"
      ],
      "text/plain": [
       "  TB_desfecho_final_Dri Tbafranio Obs_desfechoTB_Dri_Dani Data_inclusão  Nome  \\\n",
       "0                    TB       SIM                     NaN    2008-04-03   NaN   \n",
       "1                    TB       SIM                     NaN    2006-10-03   NaN   \n",
       "2                    TB       SIM                     NaN    2007-06-21   NaN   \n",
       "3                    TB       SIM                     NaN    2009-09-30   NaN   \n",
       "4                    TB       SIM                     NaN    2009-06-19   NaN   \n",
       "\n",
       "  Desfecho_tuberculose_lista_Mauro Desfecho_TB_162_Revisão_ADRIANA  \\\n",
       "0                                9                              TB   \n",
       "1                               TB                              TB   \n",
       "2                               TB                              TB   \n",
       "3                               TB                              TB   \n",
       "4                               TB                             NaN   \n",
       "\n",
       "  Observaça0_desfecho_TB Resultado_BAAR_1 Resultado_BAAR_2  \\\n",
       "0       TB PROBABILIDADE         Negativo         Negativo   \n",
       "1                    NaN         Negativo         Negativo   \n",
       "2          TB CONFIRMADA         Negativo         Negativo   \n",
       "3                    NaN         Negativo         Negativo   \n",
       "4                    NaN         Negativo         Negativo   \n",
       "\n",
       "           ...          Perdeu_aula_hoje_CA Deixou_de_ganhar_dinheiro_hoje_CA  \\\n",
       "0          ...                          IGN                               IGN   \n",
       "1          ...                          IGN                               IGN   \n",
       "2          ...                          IGN                               IGN   \n",
       "3          ...                          IGN                               IGN   \n",
       "4          ...                          Não                               Não   \n",
       "\n",
       "  Quanto_deixou_ganhar_CA Caso_acompanhado_quem_custeou_tudo_CA  \\\n",
       "0                Ignorado                                   IGN   \n",
       "1                Ignorado                                   IGN   \n",
       "2                Ignorado                                   IGN   \n",
       "3                Ignorado                                   IGN   \n",
       "4         \"Não se aplica\"                         não se aplica   \n",
       "\n",
       "        Valor_CA  Avaliador_custo_CA Data_avaliação_custo_CA  \\\n",
       "0       ignorado                   9              1999-09-09   \n",
       "1       ignorado                   9              1999-09-09   \n",
       "2       ignorado                   9              1999-09-09   \n",
       "3       ignorado                   9              1999-09-09   \n",
       "4  não se aplica  Marcia  dos Santos              2009-06-19   \n",
       "\n",
       "  Resultado_cultura_final < 3 & Realizou_RX = 1  (FILTER) ANO  de inclusao  \\\n",
       "0                                           Selected                  2008   \n",
       "1                                           Selected                  2006   \n",
       "2                                           Selected                  2007   \n",
       "3                                           Selected                  2009   \n",
       "4                                       Not Selected                  2009   \n",
       "\n",
       "  Novocriteriotbafranio  \n",
       "0                     1  \n",
       "1                     1  \n",
       "2                     1  \n",
       "3                     1  \n",
       "4                     1  \n",
       "\n",
       "[5 rows x 281 columns]"
      ]
     },
     "execution_count": 7,
     "metadata": {},
     "output_type": "execute_result"
    }
   ],
   "source": [
    "# Visualização da tabela\n",
    "data.head(5)"
   ]
  },
  {
   "cell_type": "code",
   "execution_count": 15,
   "metadata": {},
   "outputs": [
    {
     "name": "stdout",
     "output_type": "stream",
     "text": [
      "Conjunto de dados reduzido.\n",
      "Exemplos: 4381\n",
      "Features: 12\n"
     ]
    }
   ],
   "source": [
    "# De acordo com o trabaho do Fabio, as seguintes features foram selecionadas por especialistas\n",
    "\n",
    "features_selecionadas = ['Idade','Tosse','Hemoptise','Sudorese_noturna',\n",
    "                         'Febre','Perda_peso_10percent','Dispnéia','Fuma','Internação_hospital_2anos',\n",
    "                         'Dor_torácica','HIV','TB_desfecho_final_Dri']\n",
    "\n",
    "# Não alterar o conjunto de dados original\n",
    "data_reduced = data[features_selecionadas].copy()\n",
    "\n",
    "# Informações sobre o conjunto de dados reduzido\n",
    "print('Conjunto de dados reduzido.\\nExemplos: {}\\nFeatures: {}'.format(*data_reduced.shape))\n",
    "\n",
    "# Renomeando o desfecho\n",
    "data_reduced.rename(index=str,columns={'TB_desfecho_final_Dri':'desfecho'},inplace=True)\n",
    "\n",
    "# Renomeando os labels do desfecho\n",
    "data_reduced.replace(['Não TB','TB',8,'IGN'],['TB-','TB+','ignorado','ignorado'],inplace=True)"
   ]
  },
  {
   "cell_type": "markdown",
   "metadata": {},
   "source": [
    "## Verificação dos dados"
   ]
  },
  {
   "cell_type": "markdown",
   "metadata": {},
   "source": [
    "## Independência entre as variáveis utilizando o teste do chi quadrado"
   ]
  },
  {
   "cell_type": "markdown",
   "metadata": {},
   "source": [
    "O teste do Chi-quadrado e realizado para a verificação de (in)dependência entre duas variáveis categóricas.\n",
    "\n",
    "- Hipótese nula <i>$H_0$</i> : As variáveis são independentes.\n",
    "\n",
    "- Hipótese alternativa <i>$H_a$</i> : As variáveis são dependentes"
   ]
  },
  {
   "cell_type": "code",
   "execution_count": 16,
   "metadata": {},
   "outputs": [],
   "source": [
    "# Realização dos testes de chi quadrado utilizando tabelas de contingência\n",
    "from scipy.stats import chi2_contingency"
   ]
  },
  {
   "cell_type": "code",
   "execution_count": 17,
   "metadata": {},
   "outputs": [
    {
     "name": "stdout",
     "output_type": "stream",
     "text": [
      "Tabela de Contingência entre o desfecho e Tosse\n",
      "\n",
      "desfecho  TB+   TB-  ignorado   All\n",
      "Tosse                              \n",
      "Não        76   203       426   705\n",
      "Sim       795  1652      1227  3674\n",
      "ignorado    0     1         1     2\n",
      "All       871  1856      1654  4381\n",
      "\n",
      "Chi2: 186.547574597534\tp-value: 2.170945755327427e-35\tDOF: 9\n",
      "Expected_val: \n",
      "[[  1.40163205e+02   2.98671536e+02   2.66165259e+02   7.05000000e+02]\n",
      " [  7.30439169e+02   1.55648117e+03   1.38707966e+03   3.67400000e+03]\n",
      " [  3.97626113e-01   8.47295138e-01   7.55078749e-01   2.00000000e+00]\n",
      " [  8.71000000e+02   1.85600000e+03   1.65400000e+03   4.38100000e+03]]\n",
      "\n",
      "\n",
      "Tabela de Contingência entre o desfecho e Hemoptise\n",
      "\n",
      "desfecho   TB+   TB-  ignorado   All\n",
      "Hemoptise                           \n",
      "Não        773  1692      1575  4040\n",
      "Sim         97   145        63   305\n",
      "ignorado     1    19        16    36\n",
      "All        871  1856      1654  4381\n",
      "\n",
      "Chi2: 56.97765385972671\tp-value: 5.103536875424961e-09\tDOF: 9\n",
      "Expected_val: \n",
      "[[  803.20474777  1711.53617895  1525.25907327  4040.        ]\n",
      " [   60.6379822    129.21250856   115.14950924   305.        ]\n",
      " [    7.15727003    15.25131249    13.59141748    36.        ]\n",
      " [  871.          1856.          1654.          4381.        ]]\n",
      "\n",
      "\n",
      "Tabela de Contingência entre o desfecho e Sudorese_noturna\n",
      "\n",
      "desfecho          TB+   TB-  ignorado   All\n",
      "Sudorese_noturna                           \n",
      "9                   3     6         8    17\n",
      "Não               471  1249      1283  3003\n",
      "Sim               397   601       363  1361\n",
      "All               871  1856      1654  4381\n",
      "\n",
      "Chi2: 151.68029411635592\tp-value: 3.9562426900044175e-28\tDOF: 9\n",
      "Expected_val: \n",
      "[[  3.37982196e+00   7.20200867e+00   6.41816937e+00   1.70000000e+01]\n",
      " [  5.97035608e+02   1.27221365e+03   1.13375074e+03   3.00300000e+03]\n",
      " [  2.70584570e+02   5.76584341e+02   5.13831089e+02   1.36100000e+03]\n",
      " [  8.71000000e+02   1.85600000e+03   1.65400000e+03   4.38100000e+03]]\n",
      "\n",
      "\n",
      "Tabela de Contingência entre o desfecho e Febre\n",
      "\n",
      "desfecho  TB+   TB-  ignorado   All\n",
      "Febre                              \n",
      "Não       353  1113      1175  2641\n",
      "Sim       517   734       475  1726\n",
      "ignorado    1     9         4    14\n",
      "All       871  1856      1654  4381\n",
      "\n",
      "Chi2: 227.17280113104925\tp-value: 6.479186589325117e-44\tDOF: 9\n",
      "Expected_val: \n",
      "[[  5.25065282e+02   1.11885323e+03   9.97081488e+02   2.64100000e+03]\n",
      " [  3.43151335e+02   7.31215704e+02   6.51632961e+02   1.72600000e+03]\n",
      " [  2.78338279e+00   5.93106597e+00   5.28555124e+00   1.40000000e+01]\n",
      " [  8.71000000e+02   1.85600000e+03   1.65400000e+03   4.38100000e+03]]\n",
      "\n",
      "\n",
      "Tabela de Contingência entre o desfecho e Perda_peso_10percent\n",
      "\n",
      "desfecho              TB+   TB-  ignorado   All\n",
      "Perda_peso_10percent                           \n",
      "Não                   439  1423      1277  3139\n",
      "Sim                   379   342       241   962\n",
      "ignorado               53    91       136   280\n",
      "All                   871  1856      1654  4381\n",
      "\n",
      "Chi2: 319.721685351476\tp-value: 1.699510955788536e-63\tDOF: 9\n",
      "Expected_val: \n",
      "[[  624.07418398  1329.82971924  1185.09609678  3139.        ]\n",
      " [  191.25816024   407.54896142   363.19287834   962.        ]\n",
      " [   55.66765579   118.62131933   105.71102488   280.        ]\n",
      " [  871.          1856.          1654.          4381.        ]]\n",
      "\n",
      "\n",
      "Tabela de Contingência entre o desfecho e Dispnéia\n",
      "\n",
      "desfecho  TB+   TB-  ignorado   All\n",
      "Dispnéia                           \n",
      "2           0     1         0     1\n",
      "Não       319   519       558  1396\n",
      "Sim       551  1333      1093  2977\n",
      "ignorado    1     3         3     7\n",
      "All       871  1856      1654  4381\n",
      "\n",
      "Chi2: 26.156858174150432\tp-value: 0.010198422380448867\tDOF: 12\n",
      "Expected_val: \n",
      "[[  1.98813056e-01   4.23647569e-01   3.77539375e-01   1.00000000e+00]\n",
      " [  2.77543027e+02   5.91412006e+02   5.27044967e+02   1.39600000e+03]\n",
      " [  5.91866469e+02   1.26119881e+03   1.12393472e+03   2.97700000e+03]\n",
      " [  1.39169139e+00   2.96553298e+00   2.64277562e+00   7.00000000e+00]\n",
      " [  8.71000000e+02   1.85600000e+03   1.65400000e+03   4.38100000e+03]]\n",
      "\n",
      "\n",
      "Tabela de Contingência entre o desfecho e Fuma\n",
      "\n",
      "desfecho        TB+   TB-  ignorado   All\n",
      "Fuma                                     \n",
      "Ex-fumante      219   512       463  1194\n",
      "Fumante         272   649       402  1323\n",
      "Jamais fumante  373   684       772  1829\n",
      "ignorado          7    11        17    35\n",
      "All             871  1856      1654  4381\n",
      "\n",
      "Chi2: 57.72200182373504\tp-value: 5.852724658207888e-08\tDOF: 12\n",
      "Expected_val: \n",
      "[[  237.38278932   505.83519744   450.78201324  1194.        ]\n",
      " [  263.02967359   560.48573385   499.48459256  1323.        ]\n",
      " [  363.62908012   774.85140379   690.51951609  1829.        ]\n",
      " [    6.95845697    14.82766492    13.21387811    35.        ]\n",
      " [  871.          1856.          1654.          4381.        ]]\n",
      "\n",
      "\n",
      "Tabela de Contingência entre o desfecho e Internação_hospital_2anos\n",
      "\n",
      "desfecho                   TB+   TB-  ignorado   All\n",
      "Internação_hospital_2anos                           \n",
      "Não                        756  1587      1371  3714\n",
      "Sim                        108   256       266   630\n",
      "ignorado                     7    13        17    37\n",
      "All                        871  1856      1654  4381\n",
      "\n",
      "Chi2: 8.51475676311\tp-value: 0.48321487443153444\tDOF: 9\n",
      "Expected_val: \n",
      "[[  738.39169139  1573.42707144  1402.18123716  3714.        ]\n",
      " [  125.25222552   266.8979685    237.84980598   630.        ]\n",
      " [    7.35608309    15.67496005    13.96895686    37.        ]\n",
      " [  871.          1856.          1654.          4381.        ]]\n",
      "\n",
      "\n",
      "Tabela de Contingência entre o desfecho e Dor_torácica\n",
      "\n",
      "desfecho      TB+   TB-  ignorado   All\n",
      "Dor_torácica                           \n",
      "Não           256   550       641  1447\n",
      "Sim           613  1305      1006  2924\n",
      "ignorado        2     1         7    10\n",
      "All           871  1856      1654  4381\n",
      "\n",
      "Chi2: 45.5660571199377\tp-value: 7.248310892113253e-07\tDOF: 9\n",
      "Expected_val: \n",
      "[[  2.87682493e+02   6.13018032e+02   5.46299475e+02   1.44700000e+03]\n",
      " [  5.81329377e+02   1.23874549e+03   1.10392513e+03   2.92400000e+03]\n",
      " [  1.98813056e+00   4.23647569e+00   3.77539375e+00   1.00000000e+01]\n",
      " [  8.71000000e+02   1.85600000e+03   1.65400000e+03   4.38100000e+03]]\n",
      "\n",
      "\n",
      "Tabela de Contingência entre o desfecho e HIV\n",
      "\n",
      "desfecho                    TB+   TB-  ignorado   All\n",
      "HIV                                                  \n",
      "Negativo                     62    27         1    90\n",
      "Não realizado/Desconhecido  626   686        28  1340\n",
      "Positivo                     56    35         2    93\n",
      "ignorado                     90   646      1031  1767\n",
      "All                         834  1394      1062  3290\n",
      "\n",
      "Chi2: 1485.2695356641175\tp-value: 5.6943390521333e-311\tDOF: 12\n",
      "Expected_val: \n",
      "[[   22.81458967    38.1337386     29.05167173    90.        ]\n",
      " [  339.68389058   567.76899696   432.54711246  1340.        ]\n",
      " [   23.57507599    39.40486322    30.02006079    93.        ]\n",
      " [  447.92644377   748.69240122   570.38115502  1767.        ]\n",
      " [  834.          1394.          1062.          3290.        ]]\n",
      "\n",
      "\n"
     ]
    }
   ],
   "source": [
    "# Tabelas de contingência entre o desfecho e cada variável.\n",
    "\n",
    "for feature in list(features_selecionadas[:-1]):\n",
    "    \n",
    "    if data[feature].dtype != 'O':\n",
    "        continue\n",
    "        \n",
    "    print('Tabela de Contingência entre o desfecho e {}\\n'.format(feature))\n",
    "    \n",
    "    # Contingency table from pandas\n",
    "    cross_tab = pd.crosstab(data_reduced[feature],data_reduced['desfecho'],margins=True)\n",
    "    print(pd.crosstab(data_reduced[feature],data_reduced['desfecho'],margins=True))\n",
    "    print()\n",
    "    \n",
    "    # Chi Squared Test \n",
    "    chi2, p, dof, expected =  chi2_contingency(cross_tab)\n",
    "    print('Chi2: {}\\tp-value: {}\\tDOF: {}\\nExpected_val: \\n{}\\n\\n'.format(chi2,p,dof,expected))"
   ]
  },
  {
   "cell_type": "code",
   "execution_count": null,
   "metadata": {},
   "outputs": [],
   "source": []
  }
 ],
 "metadata": {
  "kernelspec": {
   "display_name": "Python 3",
   "language": "python",
   "name": "python3"
  },
  "language_info": {
   "codemirror_mode": {
    "name": "ipython",
    "version": 3
   },
   "file_extension": ".py",
   "mimetype": "text/x-python",
   "name": "python",
   "nbconvert_exporter": "python",
   "pygments_lexer": "ipython3",
   "version": "3.5.4"
  }
 },
 "nbformat": 4,
 "nbformat_minor": 2
}
