{
 "cells": [
  {
   "cell_type": "markdown",
   "metadata": {},
   "source": [
    "# Análise dos dados - Trabalho Fabio\n",
    "\n",
    "Análise dos dados e testes de independência assumindo as features utilizadas no trabalho do Fábio, para averiguação."
   ]
  },
  {
   "cell_type": "markdown",
   "metadata": {},
   "source": [
    "### Análise inicial dos dados"
   ]
  },
  {
   "cell_type": "code",
   "execution_count": 1,
   "metadata": {},
   "outputs": [],
   "source": [
    "# Manipulação dos dados\n",
    "import numpy  as np\n",
    "import scipy  as sp\n",
    "import pandas as pd\n",
    "\n",
    "# Visualização de dados\n",
    "import matplotlib.pyplot as plt\n",
    "import seaborn           as sns\n",
    "%matplotlib inline"
   ]
  },
  {
   "cell_type": "code",
   "execution_count": 2,
   "metadata": {},
   "outputs": [],
   "source": [
    "# Carregando os dados\n",
    "data = pd.read_csv('../Dados/labels.csv',low_memory=False)"
   ]
  },
  {
   "cell_type": "code",
   "execution_count": 3,
   "metadata": {},
   "outputs": [
    {
     "data": {
      "text/html": [
       "<div>\n",
       "<style scoped>\n",
       "    .dataframe tbody tr th:only-of-type {\n",
       "        vertical-align: middle;\n",
       "    }\n",
       "\n",
       "    .dataframe tbody tr th {\n",
       "        vertical-align: top;\n",
       "    }\n",
       "\n",
       "    .dataframe thead th {\n",
       "        text-align: right;\n",
       "    }\n",
       "</style>\n",
       "<table border=\"1\" class=\"dataframe\">\n",
       "  <thead>\n",
       "    <tr style=\"text-align: right;\">\n",
       "      <th></th>\n",
       "      <th>TB_desfecho_final_Dri</th>\n",
       "      <th>Tbafranio</th>\n",
       "      <th>Obs_desfechoTB_Dri_Dani</th>\n",
       "      <th>Data_inclusão</th>\n",
       "      <th>Nome</th>\n",
       "      <th>Desfecho_tuberculose_lista_Mauro</th>\n",
       "      <th>Desfecho_TB_162_Revisão_ADRIANA</th>\n",
       "      <th>Observaça0_desfecho_TB</th>\n",
       "      <th>Resultado_BAAR_1</th>\n",
       "      <th>Resultado_BAAR_2</th>\n",
       "      <th>...</th>\n",
       "      <th>Perdeu_aula_hoje_CA</th>\n",
       "      <th>Deixou_de_ganhar_dinheiro_hoje_CA</th>\n",
       "      <th>Quanto_deixou_ganhar_CA</th>\n",
       "      <th>Caso_acompanhado_quem_custeou_tudo_CA</th>\n",
       "      <th>Valor_CA</th>\n",
       "      <th>Avaliador_custo_CA</th>\n",
       "      <th>Data_avaliação_custo_CA</th>\n",
       "      <th>Resultado_cultura_final &lt; 3 &amp; Realizou_RX = 1  (FILTER)</th>\n",
       "      <th>ANO  de inclusao</th>\n",
       "      <th>Novocriteriotbafranio</th>\n",
       "    </tr>\n",
       "  </thead>\n",
       "  <tbody>\n",
       "    <tr>\n",
       "      <th>0</th>\n",
       "      <td>TB</td>\n",
       "      <td>SIM</td>\n",
       "      <td>NaN</td>\n",
       "      <td>3/abr/08</td>\n",
       "      <td>NaN</td>\n",
       "      <td>9</td>\n",
       "      <td>TB</td>\n",
       "      <td>TB PROBABILIDADE</td>\n",
       "      <td>Negativo</td>\n",
       "      <td>Negativo</td>\n",
       "      <td>...</td>\n",
       "      <td>IGN</td>\n",
       "      <td>IGN</td>\n",
       "      <td>Ignorado</td>\n",
       "      <td>IGN</td>\n",
       "      <td>ignorado</td>\n",
       "      <td>9</td>\n",
       "      <td>9/set/99</td>\n",
       "      <td>Selected</td>\n",
       "      <td>2008</td>\n",
       "      <td>1</td>\n",
       "    </tr>\n",
       "    <tr>\n",
       "      <th>1</th>\n",
       "      <td>TB</td>\n",
       "      <td>SIM</td>\n",
       "      <td>NaN</td>\n",
       "      <td>3/out/06</td>\n",
       "      <td>NaN</td>\n",
       "      <td>TB</td>\n",
       "      <td>TB</td>\n",
       "      <td>NaN</td>\n",
       "      <td>Negativo</td>\n",
       "      <td>Negativo</td>\n",
       "      <td>...</td>\n",
       "      <td>IGN</td>\n",
       "      <td>IGN</td>\n",
       "      <td>Ignorado</td>\n",
       "      <td>IGN</td>\n",
       "      <td>ignorado</td>\n",
       "      <td>9</td>\n",
       "      <td>9/set/99</td>\n",
       "      <td>Selected</td>\n",
       "      <td>2006</td>\n",
       "      <td>1</td>\n",
       "    </tr>\n",
       "    <tr>\n",
       "      <th>2</th>\n",
       "      <td>TB</td>\n",
       "      <td>SIM</td>\n",
       "      <td>NaN</td>\n",
       "      <td>21/jun/07</td>\n",
       "      <td>NaN</td>\n",
       "      <td>TB</td>\n",
       "      <td>TB</td>\n",
       "      <td>TB CONFIRMADA</td>\n",
       "      <td>Negativo</td>\n",
       "      <td>Negativo</td>\n",
       "      <td>...</td>\n",
       "      <td>IGN</td>\n",
       "      <td>IGN</td>\n",
       "      <td>Ignorado</td>\n",
       "      <td>IGN</td>\n",
       "      <td>ignorado</td>\n",
       "      <td>9</td>\n",
       "      <td>9/set/99</td>\n",
       "      <td>Selected</td>\n",
       "      <td>2007</td>\n",
       "      <td>1</td>\n",
       "    </tr>\n",
       "    <tr>\n",
       "      <th>3</th>\n",
       "      <td>TB</td>\n",
       "      <td>SIM</td>\n",
       "      <td>NaN</td>\n",
       "      <td>30/set/09</td>\n",
       "      <td>NaN</td>\n",
       "      <td>TB</td>\n",
       "      <td>TB</td>\n",
       "      <td>NaN</td>\n",
       "      <td>Negativo</td>\n",
       "      <td>Negativo</td>\n",
       "      <td>...</td>\n",
       "      <td>IGN</td>\n",
       "      <td>IGN</td>\n",
       "      <td>Ignorado</td>\n",
       "      <td>IGN</td>\n",
       "      <td>ignorado</td>\n",
       "      <td>9</td>\n",
       "      <td>9/set/99</td>\n",
       "      <td>Selected</td>\n",
       "      <td>2009</td>\n",
       "      <td>1</td>\n",
       "    </tr>\n",
       "    <tr>\n",
       "      <th>4</th>\n",
       "      <td>TB</td>\n",
       "      <td>SIM</td>\n",
       "      <td>NaN</td>\n",
       "      <td>19/jun/09</td>\n",
       "      <td>NaN</td>\n",
       "      <td>TB</td>\n",
       "      <td>#NULL!</td>\n",
       "      <td>NaN</td>\n",
       "      <td>Negativo</td>\n",
       "      <td>Negativo</td>\n",
       "      <td>...</td>\n",
       "      <td>Não</td>\n",
       "      <td>Não</td>\n",
       "      <td>\"Não se aplica\"</td>\n",
       "      <td>não se aplica</td>\n",
       "      <td>não se aplica</td>\n",
       "      <td>Marcia  dos Santos</td>\n",
       "      <td>19/jun/09</td>\n",
       "      <td>Not Selected</td>\n",
       "      <td>2009</td>\n",
       "      <td>1</td>\n",
       "    </tr>\n",
       "  </tbody>\n",
       "</table>\n",
       "<p>5 rows × 281 columns</p>\n",
       "</div>"
      ],
      "text/plain": [
       "  TB_desfecho_final_Dri Tbafranio Obs_desfechoTB_Dri_Dani Data_inclusão  Nome  \\\n",
       "0                    TB       SIM                     NaN      3/abr/08   NaN   \n",
       "1                    TB       SIM                     NaN      3/out/06   NaN   \n",
       "2                    TB       SIM                     NaN     21/jun/07   NaN   \n",
       "3                    TB       SIM                     NaN     30/set/09   NaN   \n",
       "4                    TB       SIM                     NaN     19/jun/09   NaN   \n",
       "\n",
       "  Desfecho_tuberculose_lista_Mauro Desfecho_TB_162_Revisão_ADRIANA  \\\n",
       "0                                9                              TB   \n",
       "1                               TB                              TB   \n",
       "2                               TB                              TB   \n",
       "3                               TB                              TB   \n",
       "4                               TB                          #NULL!   \n",
       "\n",
       "  Observaça0_desfecho_TB Resultado_BAAR_1 Resultado_BAAR_2  \\\n",
       "0       TB PROBABILIDADE         Negativo         Negativo   \n",
       "1                    NaN         Negativo         Negativo   \n",
       "2          TB CONFIRMADA         Negativo         Negativo   \n",
       "3                    NaN         Negativo         Negativo   \n",
       "4                    NaN         Negativo         Negativo   \n",
       "\n",
       "           ...          Perdeu_aula_hoje_CA Deixou_de_ganhar_dinheiro_hoje_CA  \\\n",
       "0          ...                          IGN                               IGN   \n",
       "1          ...                          IGN                               IGN   \n",
       "2          ...                          IGN                               IGN   \n",
       "3          ...                          IGN                               IGN   \n",
       "4          ...                          Não                               Não   \n",
       "\n",
       "  Quanto_deixou_ganhar_CA Caso_acompanhado_quem_custeou_tudo_CA  \\\n",
       "0                Ignorado                                   IGN   \n",
       "1                Ignorado                                   IGN   \n",
       "2                Ignorado                                   IGN   \n",
       "3                Ignorado                                   IGN   \n",
       "4         \"Não se aplica\"                         não se aplica   \n",
       "\n",
       "        Valor_CA  Avaliador_custo_CA Data_avaliação_custo_CA  \\\n",
       "0       ignorado                   9                9/set/99   \n",
       "1       ignorado                   9                9/set/99   \n",
       "2       ignorado                   9                9/set/99   \n",
       "3       ignorado                   9                9/set/99   \n",
       "4  não se aplica  Marcia  dos Santos               19/jun/09   \n",
       "\n",
       "  Resultado_cultura_final < 3 & Realizou_RX = 1  (FILTER) ANO  de inclusao  \\\n",
       "0                                           Selected                  2008   \n",
       "1                                           Selected                  2006   \n",
       "2                                           Selected                  2007   \n",
       "3                                           Selected                  2009   \n",
       "4                                       Not Selected                  2009   \n",
       "\n",
       "  Novocriteriotbafranio  \n",
       "0                     1  \n",
       "1                     1  \n",
       "2                     1  \n",
       "3                     1  \n",
       "4                     1  \n",
       "\n",
       "[5 rows x 281 columns]"
      ]
     },
     "execution_count": 3,
     "metadata": {},
     "output_type": "execute_result"
    }
   ],
   "source": [
    "# Visualização da tabela\n",
    "data.head(5)"
   ]
  },
  {
   "cell_type": "code",
   "execution_count": 27,
   "metadata": {},
   "outputs": [
    {
     "name": "stdout",
     "output_type": "stream",
     "text": [
      "Conjunto de dados reduzido.\n",
      "Exemplos: 4381\n",
      "Features: 49\n"
     ]
    }
   ],
   "source": [
    "# De acordo com o trabaho do Fabio, as seguintes features foram selecionadas por especialistas\n",
    "\n",
    "features_selecionadas = ['Doença_pumonar_difusa','Transplante','Silicose','Tto_anterior_TB_INH','Tto_anterior_TB_RIF',\n",
    "                         'Quimio_prévia', 'Quimio_INH', 'Quimio_RIF', 'Desfecho_quimio', 'HIV', 'Hepatopatia', 'Uso_corticoide',\n",
    "                         'Neo_maligna', 'Asma', 'TTO_anterior_TB_triagem_enfermeiro','Cicatriz_BCG', 'Tto_anterior_TB_avaliação_médica',\n",
    "                         'Comorbidades','Idade','Sexo','Raça','Estado_civil','Tem_companheiro','Tosse','Semanas_tosse','Expectoração',\n",
    "                         'Hemoptóicos','Hemoptise','Sudorese_noturna','Febre','Dispnéia','Perda_de_apetite','Perda_peso_10percent',\n",
    "                         'Dor_torácica','Internação_hospital_2anos','Prisão_2anos','Delegacia_2anos','Contato_TBP_2anos','TBP_Morava_com_vc',\n",
    "                         'TBP_trabalhava_com_vc','TBP_amigo_parente_não_morava_com_vc','Contato_TBP_menor_3anos','Contato_TBP_Casa',\n",
    "                         'Contato_TBP_Trabalho','Contato_TBP_Social','Fuma','Nenhuma_bebida_alcoólica','Etilismo','TB_desfecho_final_Dri']\n",
    "\n",
    "# Não alterar o conjunto de dados original\n",
    "data_reduced = data[features_selecionadas].copy()\n",
    "\n",
    "# Informações sobre o conjunto de dados reduzido\n",
    "print('Conjunto de dados reduzido.\\nExemplos: {}\\nFeatures: {}'.format(*data_reduced.shape))\n",
    "\n",
    "# Renomeando o desfecho\n",
    "data_reduced.rename(index=str,columns={'TB_desfecho_final_Dri':'desfecho'},inplace=True)\n",
    "\n",
    "# Renomeando os labels do desfecho\n",
    "data_reduced.replace(['Não TB','TB','8','IGN'],['TB-','TB+','ignorado','ignorado'],inplace=True)"
   ]
  },
  {
   "cell_type": "code",
   "execution_count": 1,
   "metadata": {},
   "outputs": [],
   "source": [
    "# Realização dos testes de chi quadrado utilizando tabelas de contingência\n",
    "from scipy.stats import chi2_contingency"
   ]
  },
  {
   "cell_type": "code",
   "execution_count": 38,
   "metadata": {},
   "outputs": [
    {
     "name": "stdout",
     "output_type": "stream",
     "text": [
      "Tabela de Contingência entre o desfecho e Doença_pumonar_difusa\n",
      "\n",
      "desfecho               TB+   TB-  ignorado   All\n",
      "Doença_pumonar_difusa                           \n",
      "Não                    116   161         2   279\n",
      "ignorado               755  1695      1652  4102\n",
      "All                    871  1856      1654  4381\n",
      "\n",
      "Chi2: 195.3686031450702\tp-value: 1.8355135687635442e-39\tDOF: 6\n",
      "Expected_val: \n",
      "[[   55.46884273   118.19767176   105.33348551   279.        ]\n",
      " [  815.53115727  1737.80232824  1548.66651449  4102.        ]\n",
      " [  871.          1856.          1654.          4381.        ]]\n",
      "\n",
      "\n",
      "Tabela de Contingência entre o desfecho e Transplante\n",
      "\n",
      "desfecho     TB+   TB-  ignorado   All\n",
      "Transplante                           \n",
      "Não          116   161         2   279\n",
      "ignorado     755  1695      1652  4102\n",
      "All          871  1856      1654  4381\n",
      "\n",
      "Chi2: 195.3686031450702\tp-value: 1.8355135687635442e-39\tDOF: 6\n",
      "Expected_val: \n",
      "[[   55.46884273   118.19767176   105.33348551   279.        ]\n",
      " [  815.53115727  1737.80232824  1548.66651449  4102.        ]\n",
      " [  871.          1856.          1654.          4381.        ]]\n",
      "\n",
      "\n",
      "Tabela de Contingência entre o desfecho e Silicose\n",
      "\n",
      "desfecho  TB+   TB-  ignorado   All\n",
      "Silicose                           \n",
      "Não       116   161         2   279\n",
      "ignorado  755  1695      1652  4102\n",
      "All       871  1856      1654  4381\n",
      "\n",
      "Chi2: 195.3686031450702\tp-value: 1.8355135687635442e-39\tDOF: 6\n",
      "Expected_val: \n",
      "[[   55.46884273   118.19767176   105.33348551   279.        ]\n",
      " [  815.53115727  1737.80232824  1548.66651449  4102.        ]\n",
      " [  871.          1856.          1654.          4381.        ]]\n",
      "\n",
      "\n",
      "Tabela de Contingência entre o desfecho e Tto_anterior_TB_INH\n",
      "\n",
      "desfecho             TB+  TB-  ignorado   All\n",
      "Tto_anterior_TB_INH                          \n",
      "Não                    2    1         0     3\n",
      "Sim                  119  181         5   305\n",
      "ignorado             268  473       935  1676\n",
      "All                  389  655       940  1984\n",
      "\n",
      "Chi2: 309.98932128437923\tp-value: 1.9814930319032093e-61\tDOF: 9\n",
      "Expected_val: \n",
      "[[  5.88205645e-01   9.90423387e-01   1.42137097e+00   3.00000000e+00]\n",
      " [  5.98009073e+01   1.00693044e+02   1.44506048e+02   3.05000000e+02]\n",
      " [  3.28610887e+02   5.53316532e+02   7.94072581e+02   1.67600000e+03]\n",
      " [  3.89000000e+02   6.55000000e+02   9.40000000e+02   1.98400000e+03]]\n",
      "\n",
      "\n",
      "Tabela de Contingência entre o desfecho e Tto_anterior_TB_RIF\n",
      "\n",
      "desfecho             TB+  TB-  ignorado   All\n",
      "Tto_anterior_TB_RIF                          \n",
      "Não                    2    2         0     4\n",
      "Sim                  118  179         5   302\n",
      "ignorado             268  474       935  1677\n",
      "All                  388  655       940  1983\n",
      "\n",
      "Chi2: 306.3808745287398\tp-value: 1.1557812225601689e-60\tDOF: 9\n",
      "Expected_val: \n",
      "[[  7.82652547e-01   1.32123046e+00   1.89611699e+00   4.00000000e+00]\n",
      " [  5.90902673e+01   9.97528996e+01   1.43156833e+02   3.02000000e+02]\n",
      " [  3.28127080e+02   5.53925870e+02   7.94947050e+02   1.67700000e+03]\n",
      " [  3.88000000e+02   6.55000000e+02   9.40000000e+02   1.98300000e+03]]\n",
      "\n",
      "\n",
      "Tabela de Contingência entre o desfecho e Quimio_prévia\n",
      "\n",
      "desfecho       TB+   TB-  ignorado   All\n",
      "Quimio_prévia                           \n",
      "Não            743   751        30  1524\n",
      "Sim              2     0         0     2\n",
      "ignorado        88   655      1042  1785\n",
      "All            833  1406      1072  3311\n",
      "\n",
      "Chi2: 1472.0563714560205\tp-value: 2.077657715342e-311\tDOF: 9\n",
      "Expected_val: \n",
      "[[  3.83416490e+02   6.47159166e+02   4.93424343e+02   1.52400000e+03]\n",
      " [  5.03171247e-01   8.49290245e-01   6.47538508e-01   2.00000000e+00]\n",
      " [  4.49080338e+02   7.57991543e+02   5.77928118e+02   1.78500000e+03]\n",
      " [  8.33000000e+02   1.40600000e+03   1.07200000e+03   3.31100000e+03]]\n",
      "\n",
      "\n",
      "Tabela de Contingência entre o desfecho e Quimio_INH\n",
      "\n",
      "desfecho    TB+  TB-  ignorado   All\n",
      "Quimio_INH                          \n",
      "Não           0    1         0     1\n",
      "Sim           1    0         1     2\n",
      "ignorado    298  614       981  1893\n",
      "All         299  615       982  1896\n",
      "\n",
      "Chi2: 4.2201161338721445\tp-value: 0.896336758254764\tDOF: 9\n",
      "Expected_val: \n",
      "[[  1.57700422e-01   3.24367089e-01   5.17932489e-01   1.00000000e+00]\n",
      " [  3.15400844e-01   6.48734177e-01   1.03586498e+00   2.00000000e+00]\n",
      " [  2.98526899e+02   6.14026899e+02   9.80446203e+02   1.89300000e+03]\n",
      " [  2.99000000e+02   6.15000000e+02   9.82000000e+02   1.89600000e+03]]\n",
      "\n",
      "\n",
      "Tabela de Contingência entre o desfecho e Quimio_RIF\n",
      "\n",
      "desfecho    TB+  TB-  ignorado   All\n",
      "Quimio_RIF                          \n",
      "Não           0    0         1     1\n",
      "ignorado    299  615       981  1895\n",
      "All         299  615       982  1896\n",
      "\n",
      "Chi2: 0.9312447269854749\tp-value: 0.9880848780007668\tDOF: 6\n",
      "Expected_val: \n",
      "[[  1.57700422e-01   3.24367089e-01   5.17932489e-01   1.00000000e+00]\n",
      " [  2.98842300e+02   6.14675633e+02   9.81482068e+02   1.89500000e+03]\n",
      " [  2.99000000e+02   6.15000000e+02   9.82000000e+02   1.89600000e+03]]\n",
      "\n",
      "\n",
      "Tabela de Contingência entre o desfecho e Desfecho_quimio\n",
      "\n",
      "desfecho         TB+  TB-  ignorado   All\n",
      "Desfecho_quimio                          \n",
      "Abandonou          1    0         0     1\n",
      "ignorado         349  601       981  1931\n",
      "All              350  601       981  1932\n",
      "\n",
      "Chi2: 4.52234075608493\tp-value: 0.6063609749335719\tDOF: 6\n",
      "Expected_val: \n",
      "[[  1.81159420e-01   3.11076605e-01   5.07763975e-01   1.00000000e+00]\n",
      " [  3.49818841e+02   6.00688923e+02   9.80492236e+02   1.93100000e+03]\n",
      " [  3.50000000e+02   6.01000000e+02   9.81000000e+02   1.93200000e+03]]\n",
      "\n",
      "\n",
      "Tabela de Contingência entre o desfecho e HIV\n",
      "\n",
      "desfecho                    TB+   TB-  ignorado   All\n",
      "HIV                                                  \n",
      "Negativo                     62    27         1    90\n",
      "Não realizado/Desconhecido  626   686        28  1340\n",
      "Positivo                     56    35         2    93\n",
      "ignorado                     90   646      1031  1767\n",
      "All                         834  1394      1062  3290\n",
      "\n",
      "Chi2: 1485.2695356641175\tp-value: 5.6943390521333e-311\tDOF: 12\n",
      "Expected_val: \n",
      "[[   22.81458967    38.1337386     29.05167173    90.        ]\n",
      " [  339.68389058   567.76899696   432.54711246  1340.        ]\n",
      " [   23.57507599    39.40486322    30.02006079    93.        ]\n",
      " [  447.92644377   748.69240122   570.38115502  1767.        ]\n",
      " [  834.          1394.          1062.          3290.        ]]\n",
      "\n",
      "\n",
      "Tabela de Contingência entre o desfecho e Hepatopatia\n",
      "\n",
      "desfecho     TB+   TB-  ignorado   All\n",
      "Hepatopatia                           \n",
      "Não          115   161         2   278\n",
      "Sim            1     0         0     1\n",
      "ignorado     755  1695      1652  4102\n",
      "All          871  1856      1654  4381\n",
      "\n",
      "Chi2: 197.88058054232766\tp-value: 9.21335636944335e-38\tDOF: 9\n",
      "Expected_val: \n",
      "[[  5.52700297e+01   1.17774024e+02   1.04955946e+02   2.78000000e+02]\n",
      " [  1.98813056e-01   4.23647569e-01   3.77539375e-01   1.00000000e+00]\n",
      " [  8.15531157e+02   1.73780233e+03   1.54866651e+03   4.10200000e+03]\n",
      " [  8.71000000e+02   1.85600000e+03   1.65400000e+03   4.38100000e+03]]\n",
      "\n",
      "\n",
      "Tabela de Contingência entre o desfecho e Uso_corticoide\n",
      "\n",
      "desfecho        TB+   TB-  ignorado   All\n",
      "Uso_corticoide                           \n",
      "Não             115   160         2   277\n",
      "Sim               0     1         0     1\n",
      "ignorado        756  1695      1652  4103\n",
      "All             871  1856      1654  4381\n",
      "\n",
      "Chi2: 194.98383998834848\tp-value: 3.7260853460157164e-37\tDOF: 9\n",
      "Expected_val: \n",
      "[[  5.50712166e+01   1.17350377e+02   1.04578407e+02   2.77000000e+02]\n",
      " [  1.98813056e-01   4.23647569e-01   3.77539375e-01   1.00000000e+00]\n",
      " [  8.15729970e+02   1.73822598e+03   1.54904405e+03   4.10300000e+03]\n",
      " [  8.71000000e+02   1.85600000e+03   1.65400000e+03   4.38100000e+03]]\n",
      "\n",
      "\n",
      "Tabela de Contingência entre o desfecho e Neo_maligna\n",
      "\n",
      "desfecho     TB+   TB-  ignorado   All\n",
      "Neo_maligna                           \n",
      "Não          115   160         2   277\n",
      "Sim            1     1         0     2\n",
      "ignorado     755  1695      1652  4102\n",
      "All          871  1856      1654  4381\n",
      "\n",
      "Chi2: 195.468999071833\tp-value: 2.9487639305453963e-37\tDOF: 9\n",
      "Expected_val: \n",
      "[[  5.50712166e+01   1.17350377e+02   1.04578407e+02   2.77000000e+02]\n",
      " [  3.97626113e-01   8.47295138e-01   7.55078749e-01   2.00000000e+00]\n",
      " [  8.15531157e+02   1.73780233e+03   1.54866651e+03   4.10200000e+03]\n",
      " [  8.71000000e+02   1.85600000e+03   1.65400000e+03   4.38100000e+03]]\n",
      "\n",
      "\n",
      "Tabela de Contingência entre o desfecho e Asma\n",
      "\n",
      "desfecho  TB+   TB-  ignorado   All\n",
      "Asma                               \n",
      "#NULL!    841  1531      1654  4026\n",
      "Não        24   234         0   258\n",
      "Sim         6    91         0    97\n",
      "All       871  1856      1654  4381\n",
      "\n",
      "Chi2: 392.32538164128806\tp-value: 5.941789617937064e-79\tDOF: 9\n",
      "Expected_val: \n",
      "[[  800.42136499  1705.60511299  1519.97352203  4026.        ]\n",
      " [   51.29376855   109.30107281    97.40515864   258.        ]\n",
      " [   19.28486647    41.0938142     36.62131933    97.        ]\n",
      " [  871.          1856.          1654.          4381.        ]]\n",
      "\n",
      "\n",
      "Tabela de Contingência entre o desfecho e TTO_anterior_TB_triagem_enfermeiro\n",
      "\n",
      "desfecho                            TB+   TB-  ignorado   All\n",
      "TTO_anterior_TB_triagem_enfermeiro                           \n",
      "Não                                 668  1388      1331  3387\n",
      "Sim                                 202   453       308   963\n",
      "ignorado                              1    15        15    31\n",
      "All                                 871  1856      1654  4381\n",
      "\n",
      "Chi2: 23.27566322414021\tp-value: 0.005606020055119315\tDOF: 9\n",
      "Expected_val: \n",
      "[[  673.37982196  1434.89431637  1278.72586168  3387.        ]\n",
      " [  191.45697329   407.97260899   363.57041771   963.        ]\n",
      " [    6.16320475    13.13307464    11.70372061    31.        ]\n",
      " [  871.          1856.          1654.          4381.        ]]\n",
      "\n",
      "\n",
      "Tabela de Contingência entre o desfecho e Cicatriz_BCG\n",
      "\n",
      "desfecho      TB+   TB-  ignorado   All\n",
      "Cicatriz_BCG                           \n",
      "Não           222   614       266  1102\n",
      "Sim           434   780       300  1514\n",
      "ignorado      215   462      1088  1765\n",
      "All           871  1856      1654  4381\n",
      "\n",
      "Chi2: 746.9149428389818\tp-value: 5.633249955999208e-155\tDOF: 9\n",
      "Expected_val: \n",
      "[[  219.09198813   466.85962109   416.04839078  1102.        ]\n",
      " [  301.00296736   641.40241954   571.5946131   1514.        ]\n",
      " [  350.90504451   747.73795937   666.35699612  1765.        ]\n",
      " [  871.          1856.          1654.          4381.        ]]\n",
      "\n",
      "\n",
      "Tabela de Contingência entre o desfecho e Tto_anterior_TB_avaliação_médica\n",
      "\n",
      "desfecho                          TB+   TB-  ignorado   All\n",
      "Tto_anterior_TB_avaliação_médica                           \n",
      "Não                               589   539        24  1152\n",
      "Sim                               158   214         7   379\n",
      "ignorado                           87   641      1031  1759\n",
      "All                               834  1394      1062  3290\n",
      "\n",
      "Chi2: 1480.4828494865524\tp-value: 0.0\tDOF: 9\n",
      "Expected_val: \n",
      "[[  292.02674772   488.1118541    371.86139818  1152.        ]\n",
      " [   96.07477204   160.58541033   122.33981763   379.        ]\n",
      " [  445.89848024   745.30273556   567.79878419  1759.        ]\n",
      " [  834.          1394.          1062.          3290.        ]]\n",
      "\n",
      "\n",
      "Tabela de Contingência entre o desfecho e Comorbidades\n",
      "\n",
      "desfecho      TB+   TB-  ignorado   All\n",
      "Comorbidades                           \n",
      "Não           385   404         3   792\n",
      "Sim           124   160         2   286\n",
      "ignorado      362  1292      1649  3303\n",
      "All           871  1856      1654  4381\n",
      "\n",
      "Chi2: 1101.6118545022557\tp-value: 2.0827611009003705e-231\tDOF: 9\n",
      "Expected_val: \n",
      "[[  157.45994065   335.52887469   299.01118466   792.        ]\n",
      " [   56.86053412   121.16320475   107.97626113   286.        ]\n",
      " [  656.67952522  1399.30792057  1247.01255421  3303.        ]\n",
      " [  871.          1856.          1654.          4381.        ]]\n",
      "\n",
      "\n",
      "Tabela de Contingência entre o desfecho e Sexo\n",
      "\n",
      "desfecho   TB+   TB-  ignorado   All\n",
      "Sexo                                \n",
      "2            0     2         3     5\n",
      "Feminino   297   905       876  2078\n",
      "Masculino  574   948       768  2290\n",
      "ignorado     0     1         7     8\n",
      "All        871  1856      1654  4381\n",
      "\n",
      "Chi2: 96.42451834392361\tp-value: 2.784406562153794e-15\tDOF: 12\n",
      "Expected_val: \n",
      "[[  9.94065282e-01   2.11823785e+00   1.88769687e+00   5.00000000e+00]\n",
      " [  4.13133531e+02   8.80339648e+02   7.84526820e+02   2.07800000e+03]\n",
      " [  4.55281899e+02   9.70152933e+02   8.64565168e+02   2.29000000e+03]\n",
      " [  1.59050445e+00   3.38918055e+00   3.02031500e+00   8.00000000e+00]\n",
      " [  8.71000000e+02   1.85600000e+03   1.65400000e+03   4.38100000e+03]]\n",
      "\n",
      "\n",
      "Tabela de Contingência entre o desfecho e Raça\n",
      "\n",
      "desfecho    TB+   TB-  ignorado   All\n",
      "Raça                                 \n",
      "Branco      364   899       798  2061\n",
      "Não branco  503   948       832  2283\n",
      "ignorado      4     9        24    37\n",
      "All         871  1856      1654  4381\n",
      "\n",
      "Chi2: 24.693290348017676\tp-value: 0.0033298667904267925\tDOF: 9\n",
      "Expected_val: \n",
      "[[  409.7537092    873.13763981   778.10865099  2061.        ]\n",
      " [  453.89020772   967.18740014   861.92239215  2283.        ]\n",
      " [    7.35608309    15.67496005    13.96895686    37.        ]\n",
      " [  871.          1856.          1654.          4381.        ]]\n",
      "\n",
      "\n",
      "Tabela de Contingência entre o desfecho e Estado_civil\n",
      "\n",
      "desfecho      TB+   TB-  ignorado   All\n",
      "Estado_civil                           \n",
      "0               2     4         0     6\n",
      "Casado        213   625       519  1357\n",
      "Separado       35   121        88   244\n",
      "Solteiro      573   913       849  2335\n",
      "ignorado       13    25        25    63\n",
      "viúvo          33   168       173   374\n",
      "All           869  1856      1654  4379\n",
      "\n",
      "Chi2: 90.60179580632598\tp-value: 1.1257653522172816e-11\tDOF: 18\n",
      "Expected_val: \n",
      "[[  1.19068280e+00   2.54304636e+00   2.26627084e+00   6.00000000e+00]\n",
      " [  2.69292761e+02   5.75152318e+02   5.12554921e+02   1.35700000e+03]\n",
      " [  4.84211007e+01   1.03417219e+02   9.21616807e+01   2.44000000e+02]\n",
      " [  4.63374058e+02   9.89668874e+02   8.81957068e+02   2.33500000e+03]\n",
      " [  1.25021694e+01   2.67019868e+01   2.37958438e+01   6.30000000e+01]\n",
      " [  7.42192281e+01   1.58516556e+02   1.41264216e+02   3.74000000e+02]\n",
      " [  8.69000000e+02   1.85600000e+03   1.65400000e+03   4.37900000e+03]]\n",
      "\n",
      "\n",
      "Tabela de Contingência entre o desfecho e Tem_companheiro\n",
      "\n",
      "desfecho         TB+   TB-  ignorado   All\n",
      "Tem_companheiro                           \n",
      "Não              444   828       751  2023\n",
      "Sim              410   990       868  2268\n",
      "ignorado          17    38        35    90\n",
      "All              871  1856      1654  4381\n",
      "\n",
      "Chi2: 10.37508737994361\tp-value: 0.3209815566283443\tDOF: 9\n",
      "Expected_val: \n",
      "[[  402.19881306   857.03903218   763.76215476  2023.        ]\n",
      " [  450.90801187   960.8326866    856.25930153  2268.        ]\n",
      " [   17.89317507    38.12828121    33.97854371    90.        ]\n",
      " [  871.          1856.          1654.          4381.        ]]\n",
      "\n",
      "\n",
      "Tabela de Contingência entre o desfecho e Tosse\n",
      "\n",
      "desfecho  TB+   TB-  ignorado   All\n",
      "Tosse                              \n",
      "Não        76   203       426   705\n",
      "Sim       795  1652      1227  3674\n",
      "ignorado    0     1         1     2\n",
      "All       871  1856      1654  4381\n",
      "\n",
      "Chi2: 186.547574597534\tp-value: 2.170945755327427e-35\tDOF: 9\n",
      "Expected_val: \n",
      "[[  1.40163205e+02   2.98671536e+02   2.66165259e+02   7.05000000e+02]\n",
      " [  7.30439169e+02   1.55648117e+03   1.38707966e+03   3.67400000e+03]\n",
      " [  3.97626113e-01   8.47295138e-01   7.55078749e-01   2.00000000e+00]\n",
      " [  8.71000000e+02   1.85600000e+03   1.65400000e+03   4.38100000e+03]]\n",
      "\n",
      "\n",
      "Tabela de Contingência entre o desfecho e Semanas_tosse\n",
      "\n",
      "desfecho        TB+   TB-  ignorado   All\n",
      "Semanas_tosse                            \n",
      "0                23    81        98   202\n",
      "1                58   208       230   496\n",
      "10                3     5         4    12\n",
      "104               1     0         0     1\n",
      "12               75   109        80   264\n",
      "13                1     0         0     1\n",
      "14                0     2         0     2\n",
      "144               0     0         1     1\n",
      "15                0     1         1     2\n",
      "16               38    32        27    97\n",
      "18                6     5         3    14\n",
      "180               2     1         0     3\n",
      "19                0     1         0     1\n",
      "2               127   365       228   720\n",
      "20               15    13        12    40\n",
      "24               22    34        29    85\n",
      "28                2     1         2     5\n",
      "3                65   171        94   330\n",
      "30                0     1         1     2\n",
      "32                3     9         4    16\n",
      "36                2     2         0     4\n",
      "38                0     0         1     1\n",
      "4               159   274       188   621\n",
      "40                4     4         0     8\n",
      "44                0     1         0     1\n",
      "448               0     1         0     1\n",
      "48                7    17        19    43\n",
      "5                23    36        17    76\n",
      "50                0     1         1     2\n",
      "52                1     3         2     6\n",
      "56                0     1         0     1\n",
      "58                0     2         3     5\n",
      "6                30    50        30   110\n",
      "7                 2     2         2     6\n",
      "72                0     2         0     2\n",
      "80                0     0         4     4\n",
      "9                 5     3         0     8\n",
      "96                1     1         1     3\n",
      "crônico+sempre    3    30        15    48\n",
      "ignorado        116   175       108   399\n",
      "não se aplica    77   212       449   738\n",
      "All             871  1856      1654  4381\n",
      "\n",
      "Chi2: 432.93376414578813\tp-value: 4.075304715839047e-36\tDOF: 123\n",
      "Expected_val: \n",
      "[[  4.01602374e+01   8.55768089e+01   7.62629537e+01   2.02000000e+02]\n",
      " [  9.86112760e+01   2.10129194e+02   1.87259530e+02   4.96000000e+02]\n",
      " [  2.38575668e+00   5.08377083e+00   4.53047249e+00   1.20000000e+01]\n",
      " [  1.98813056e-01   4.23647569e-01   3.77539375e-01   1.00000000e+00]\n",
      " [  5.24866469e+01   1.11842958e+02   9.96703949e+01   2.64000000e+02]\n",
      " [  1.98813056e-01   4.23647569e-01   3.77539375e-01   1.00000000e+00]\n",
      " [  3.97626113e-01   8.47295138e-01   7.55078749e-01   2.00000000e+00]\n",
      " [  1.98813056e-01   4.23647569e-01   3.77539375e-01   1.00000000e+00]\n",
      " [  3.97626113e-01   8.47295138e-01   7.55078749e-01   2.00000000e+00]\n",
      " [  1.92848665e+01   4.10938142e+01   3.66213193e+01   9.70000000e+01]\n",
      " [  2.78338279e+00   5.93106597e+00   5.28555124e+00   1.40000000e+01]\n",
      " [  5.96439169e-01   1.27094271e+00   1.13261812e+00   3.00000000e+00]\n",
      " [  1.98813056e-01   4.23647569e-01   3.77539375e-01   1.00000000e+00]\n",
      " [  1.43145401e+02   3.05026250e+02   2.71828350e+02   7.20000000e+02]\n",
      " [  7.95252226e+00   1.69459028e+01   1.51015750e+01   4.00000000e+01]\n",
      " [  1.68991098e+01   3.60100434e+01   3.20908468e+01   8.50000000e+01]\n",
      " [  9.94065282e-01   2.11823785e+00   1.88769687e+00   5.00000000e+00]\n",
      " [  6.56083086e+01   1.39803698e+02   1.24587994e+02   3.30000000e+02]\n",
      " [  3.97626113e-01   8.47295138e-01   7.55078749e-01   2.00000000e+00]\n",
      " [  3.18100890e+00   6.77836110e+00   6.04062999e+00   1.60000000e+01]\n",
      " [  7.95252226e-01   1.69459028e+00   1.51015750e+00   4.00000000e+00]\n",
      " [  1.98813056e-01   4.23647569e-01   3.77539375e-01   1.00000000e+00]\n",
      " [  1.23462908e+02   2.63085140e+02   2.34451952e+02   6.21000000e+02]\n",
      " [  1.59050445e+00   3.38918055e+00   3.02031500e+00   8.00000000e+00]\n",
      " [  1.98813056e-01   4.23647569e-01   3.77539375e-01   1.00000000e+00]\n",
      " [  1.98813056e-01   4.23647569e-01   3.77539375e-01   1.00000000e+00]\n",
      " [  8.54896142e+00   1.82168455e+01   1.62341931e+01   4.30000000e+01]\n",
      " [  1.51097923e+01   3.21972152e+01   2.86929925e+01   7.60000000e+01]\n",
      " [  3.97626113e-01   8.47295138e-01   7.55078749e-01   2.00000000e+00]\n",
      " [  1.19287834e+00   2.54188541e+00   2.26523625e+00   6.00000000e+00]\n",
      " [  1.98813056e-01   4.23647569e-01   3.77539375e-01   1.00000000e+00]\n",
      " [  9.94065282e-01   2.11823785e+00   1.88769687e+00   5.00000000e+00]\n",
      " [  2.18694362e+01   4.66012326e+01   4.15293312e+01   1.10000000e+02]\n",
      " [  1.19287834e+00   2.54188541e+00   2.26523625e+00   6.00000000e+00]\n",
      " [  3.97626113e-01   8.47295138e-01   7.55078749e-01   2.00000000e+00]\n",
      " [  7.95252226e-01   1.69459028e+00   1.51015750e+00   4.00000000e+00]\n",
      " [  1.59050445e+00   3.38918055e+00   3.02031500e+00   8.00000000e+00]\n",
      " [  5.96439169e-01   1.27094271e+00   1.13261812e+00   3.00000000e+00]\n",
      " [  9.54302671e+00   2.03350833e+01   1.81218900e+01   4.80000000e+01]\n",
      " [  7.93264095e+01   1.69035380e+02   1.50638210e+02   3.99000000e+02]\n",
      " [  1.46724036e+02   3.12651906e+02   2.78624058e+02   7.38000000e+02]\n",
      " [  8.71000000e+02   1.85600000e+03   1.65400000e+03   4.38100000e+03]]\n",
      "\n",
      "\n",
      "Tabela de Contingência entre o desfecho e Expectoração\n",
      "\n",
      "desfecho      TB+   TB-  ignorado   All\n",
      "Expectoração                           \n",
      "Não           199   368       867  1434\n",
      "Sim           670  1485       784  2939\n",
      "ignorado        2     3         3     8\n",
      "All           871  1856      1654  4381\n",
      "\n",
      "Chi2: 470.73529868016357\tp-value: 1.0545731220607723e-95\tDOF: 9\n",
      "Expected_val: \n",
      "[[  2.85097923e+02   6.07510614e+02   5.41391463e+02   1.43400000e+03]\n",
      " [  5.84311573e+02   1.24510021e+03   1.10958822e+03   2.93900000e+03]\n",
      " [  1.59050445e+00   3.38918055e+00   3.02031500e+00   8.00000000e+00]\n",
      " [  8.71000000e+02   1.85600000e+03   1.65400000e+03   4.38100000e+03]]\n",
      "\n",
      "\n",
      "Tabela de Contingência entre o desfecho e Hemoptóicos\n",
      "\n",
      "desfecho     TB+   TB-  ignorado   All\n",
      "Hemoptóicos                           \n",
